,start airing
0,3
1,1
2,1
3,3
4,1
5,4
6,2
7,4
8,1
9,3
10,2
11,2
12,2
13,2
14,2
15,1
16,1
17,4
18,3
19,4
20,3
21,2
22,1
23,2
24,4
25,1
26,1
27,2
28,4
29,3
30,4
31,2
32,2
33,2
34,2
35,1
36,3
37,4
38,2
39,1
40,2
41,1
42,2
43,2
44,3
45,3
46,2
47,1
48,1
49,2
50,3
51,2
52,3
53,4
54,2
55,2
56,2
57,1
58,1
59,2
60,2
61,1
62,4
63,2
64,3
65,2
66,3
67,2
68,4
69,4
70,2
71,3
72,3
73,2
74,3
75,4
76,4
77,1
78,2
79,1
80,4
81,2
82,4
83,4
84,4
85,4
86,1
87,4
88,2
89,1
90,3
91,2
92,2
93,4
94,3
95,1
96,4
97,1
98,2
99,2
100,4
101,2
102,3
103,2
104,4
105,2
106,2
107,1
108,4
109,1
110,1
111,1
112,2
113,1
114,2
115,3
116,4
117,3
118,4
119,4
120,3
121,4
122,4
123,1
124,4
125,3
126,1
127,4
128,1
129,1
130,2
131,1
132,1
133,3
134,3
135,3
136,2
137,2
138,1
139,4
140,2
141,2
142,3
143,2
144,1
145,4
146,2
147,2
148,3
149,4
150,4
151,4
152,1
153,2
154,4
155,1
156,4
157,3
158,3
159,2
160,1
161,4
162,4
163,4
164,4
165,4
166,1
167,4
168,3
169,1
170,2
171,2
172,1
173,4
174,4
175,4
176,3
177,1
178,4
179,2
180,3
181,2
182,2
183,1
184,3
185,4
186,2
187,3
188,4
189,4
190,3
191,2
192,1
193,1
194,1
195,3
196,4
197,4
198,4
199,1
200,3
201,1
202,1
203,1
204,4
205,3
206,4
207,4
208,3
209,1
210,1
211,3
212,3
213,4
214,3
215,2
216,2
217,3
218,2
219,3
220,2
221,4
222,1
223,4
224,1
225,4
226,1
227,3
228,3
229,3
230,4
231,1
232,2
233,2
234,3
235,3
236,2
237,4
238,3
239,3
240,3
241,2
242,1
243,2
244,3
245,4
246,3
247,4
248,2
249,2
250,4
251,3
252,1
253,1
254,3
255,3
256,4
257,4
258,1
259,2
260,2
261,1
262,4
263,2
264,1
265,1
266,4
267,1
268,4
269,3
270,4
271,2
272,1
273,4
274,2
275,3
276,4
277,2
278,4
279,4
280,2
281,1
282,2
283,2
284,2
285,2
286,4
287,2
288,4
289,3
290,4
291,3
292,3
293,4
294,4
295,3
296,2
297,1
298,1
299,4
300,4
301,4
302,1
303,4
304,2
305,1
306,1
307,1
308,1
309,3
310,1
311,3
312,1
313,3
314,2
315,3
316,1
317,1
318,2
319,1
320,1
321,1
322,4
323,1
324,2
325,3
326,4
327,2
328,4
329,3
330,4
331,2
332,4
333,1
334,1
335,3
336,4
337,3
338,3
339,1
340,1
341,4
342,2
343,4
344,3
345,1
346,3
347,2
348,1
349,3
350,2
351,4
352,2
353,2
354,2
355,4
356,4
357,4
358,3
359,2
360,3
361,1
362,1
363,2
364,1
365,3
366,1
367,2
368,3
369,3
370,4
371,1
372,2
373,1
374,2
375,3
376,4
377,2
378,2
379,3
380,1
381,4
382,4
383,1
384,4
385,2
386,1
387,4
388,1
389,3
390,1
391,2
392,2
393,3
394,4
395,1
396,2
397,1
398,3
399,2
400,4
401,2
402,1
403,1
404,3
405,2
406,3
407,3
408,4
409,4
410,3
411,2
412,2
413,1
414,2
415,1
416,1
417,4
418,2
419,3
420,3
421,3
422,1
423,1
424,3
425,4
426,3
427,2
428,2
429,1
430,1
431,1
432,1
433,2
434,3
435,2
436,4
437,1
438,4
439,4
440,1
441,4
442,2
443,2
444,3
445,2
446,2
447,2
448,2
449,1
450,3
451,4
452,3
453,4
454,4
455,4
456,4
457,1
458,2
459,4
460,4
461,3
462,3
463,4
464,2
465,3
466,4
467,1
468,1
469,2
470,4
471,1
472,4
473,2
474,1
475,3
476,1
477,1
478,1
479,1
480,1
481,2
482,4
483,2
484,3
485,2
486,1
487,1
488,2
489,2
490,4
491,2
492,1
493,2
494,2
495,4
496,4
497,2
498,2
499,4
500,3
501,1
502,4
503,3
504,1
505,3
506,4
507,2
508,1
509,1
510,1
511,1
512,3
513,4
514,3
515,3
516,1
517,1
518,1
519,2
520,3
521,4
522,1
523,1
524,2
525,2
526,2
527,1
528,1
529,3
530,2
531,3
532,3
533,2
534,2
535,3
536,1
537,1
538,3
539,4
540,4
541,3
542,4
543,2
544,3
545,3
546,4
547,4
548,3
549,2
550,3
551,2
552,2
553,4
554,2
555,3
556,2
557,4
558,2
559,4
560,1
561,4
562,3
563,1
564,4
565,4
566,4
567,1
568,1
569,3
570,3
571,2
572,1
573,2
574,3
575,4
576,2
577,2
578,1
579,4
580,3
581,3
582,1
583,3
584,3
585,2
586,1
587,1
588,4
589,3
590,1
591,1
592,3
593,4
594,4
595,2
596,3
597,4
598,2
599,2
600,3
601,3
602,2
603,3
604,4
605,2
606,3
607,4
608,1
609,3
610,1
611,2
612,2
613,3
614,1
615,3
616,3
617,2
618,3
619,3
620,2
621,1
622,3
623,4
624,1
625,4
626,1
627,2
628,3
629,4
630,3
631,4
632,4
633,4
634,4
635,4
636,3
637,4
638,3
639,1
640,1
641,3
642,4
643,2
644,1
645,1
646,4
647,2
648,4
649,2
650,4
651,3
652,1
653,2
654,1
655,3
656,2
657,1
658,4
659,3
660,2
661,1
662,2
663,4
664,2
665,1
666,4
667,1
668,2
669,2
670,1
671,2
672,2
673,1
674,3
675,4
676,1
677,4
678,3
679,1
680,1
681,1
682,2
683,1
684,4
685,3
686,4
687,3
688,3
689,1
690,2
691,4
692,1
693,2
694,2
695,3
696,1
697,4
698,4
699,4
700,3
701,2
702,3
703,1
704,2
705,3
706,1
707,2
708,3
709,4
710,1
711,1
712,1
713,1
714,2
715,4
716,1
717,1
718,2
719,1
720,2
721,4
722,3
723,3
724,1
725,2
726,4
727,2
728,3
729,2
730,3
731,4
732,2
733,3
734,2
735,3
736,3
737,4
738,2
739,2
740,2
741,1
742,2
743,4
744,1
745,1
746,4
747,2
748,4
749,1
750,4
751,3
752,4
753,4
754,3
755,1
756,2
757,2
758,4
759,3
760,2
761,3
762,1
763,4
764,4
765,4
766,4
767,3
768,1
769,2
770,3
771,1
772,1
773,1
774,4
775,4
776,2
777,4
778,3
779,4
780,4
781,4
782,2
783,3
784,1
785,2
786,4
787,2
788,3
789,3
790,1
791,4
792,1
793,2
794,3
795,3
796,2
797,2
798,2
799,2
800,4
801,4
802,1
803,1
804,4
805,3
806,3
807,4
808,3
809,3
810,3
811,3
812,1
813,3
814,2
815,4
816,4
817,4
818,4
819,2
820,4
821,4
822,4
823,3
824,4
825,4
826,1
827,4
828,4
829,2
830,2
831,2
832,1
833,4
834,2
835,2
836,1
837,1
838,4
839,3
840,3
841,4
842,3
843,3
844,1
845,4
846,4
847,4
848,3
849,3
850,2
851,1
852,3
853,4
854,4
855,1
856,2
857,4
858,3
859,1
860,1
861,2
862,1
863,2
864,1
865,3
866,1
867,4
868,2
869,4
870,4
871,3
872,1
873,1
874,3
875,4
876,4
877,3
878,1
879,1
880,1
881,4
882,1
883,3
884,2
885,2
886,4
887,1
888,3
889,4
890,3
891,4
892,2
893,4
894,4
895,2
896,3
897,3
898,3
899,1
900,3
901,3
902,2
903,2
904,2
905,4
906,2
907,2
908,2
909,1
910,1
911,3
912,3
913,3
914,1
915,1
916,4
917,3
918,1
919,1
920,4
921,2
922,1
923,3
924,1
925,3
926,1
927,4
928,2
929,4
930,2
931,4
932,4
933,4
934,2
935,2
936,4
937,1
938,4
939,4
940,4
941,4
942,4
943,1
944,4
945,2
946,1
947,4
948,2
949,2
950,1
951,2
952,1
953,1
954,1
955,3
956,2
957,3
958,4
959,2
960,1
961,4
962,4
963,1
964,4
965,2
966,3
967,2
968,2
969,1
970,3
971,2
972,1
973,2
974,1
975,3
976,1
977,2
978,4
979,3
980,2
981,4
982,4
983,2
984,4
985,3
986,4
987,4
988,4
989,1
990,1
991,2
992,1
993,4
994,4
995,2
996,2
997,3
998,2
999,4
1000,4
1001,1
1002,3
1003,3
1004,4
1005,1
1006,4
1007,1
1008,1
1009,4
1010,4
1011,1
1012,4
1013,4
1014,3
1015,3
1016,2
1017,4
1018,1
1019,1
1020,1
1021,1
1022,3
1023,2
1024,3
1025,2
1026,1
1027,1
1028,1
1029,1
1030,4
1031,2
1032,1
1033,3
1034,3
1035,3
1036,3
1037,1
1038,1
1039,4
1040,3
1041,3
1042,2
1043,3
1044,2
1045,3
1046,4
1047,4
1048,3
1049,2
1050,3
1051,1
1052,3
1053,2
1054,1
1055,3
1056,2
1057,3
1058,1
1059,4
1060,1
1061,4
1062,2
1063,4
1064,3
1065,4
1066,4
1067,2
1068,4
1069,1
1070,4
1071,4
1072,1
1073,4
1074,1
1075,2
1076,2
1077,2
1078,4
1079,3
1080,4
1081,2
1082,4
1083,3
1084,4
1085,1
1086,4
1087,4
1088,4
1089,4
1090,3
1091,2
1092,1
1093,2
1094,2
1095,1
1096,4
1097,1
1098,2
1099,1
1100,1
1101,3
1102,1
1103,3
1104,2
1105,3
1106,3
1107,3
1108,2
1109,2
1110,3
1111,2
1112,3
1113,4
1114,4
1115,2
1116,4
1117,4
1118,3
1119,3
1120,3
1121,3
1122,3
1123,2
1124,4
1125,2
1126,1
1127,3
1128,4
1129,3
1130,1
1131,2
1132,2
1133,3
1134,1
1135,4
1136,1
1137,2
1138,4
1139,1
1140,1
1141,1
1142,1
1143,1
1144,1
1145,2
1146,4
1147,1
1148,1
1149,2
1150,3
1151,3
1152,4
1153,2
1154,2
1155,1
1156,1
1157,4
1158,4
1159,1
1160,1
1161,1
1162,3
1163,1
1164,2
1165,4
1166,4
1167,4
1168,4
1169,1
1170,4
1171,4
1172,2
1173,3
1174,2
1175,3
1176,2
1177,4
1178,4
1179,4
1180,3
1181,2
1182,1
1183,2
1184,4
1185,1
1186,4
1187,3
1188,4
1189,4
1190,1
1191,4
1192,1
1193,3
1194,3
1195,4
1196,2
1197,2
1198,2
1199,3
1200,3
1201,3
1202,1
1203,2
1204,1
1205,3
1206,2
1207,4
1208,2
1209,3
1210,2
1211,1
1212,1
1213,2
1214,3
1215,3
1216,2
1217,4
1218,3
1219,2
1220,2
1221,3
1222,2
1223,3
1224,3
1225,1
1226,4
1227,4
1228,2
1229,1
1230,2
1231,1
1232,3
1233,3
1234,2
1235,4
1236,1
1237,4
1238,3
1239,2
1240,4
1241,1
1242,3
1243,2
1244,1
1245,2
1246,2
1247,4
1248,3
1249,2
1250,4
1251,1
1252,3
1253,1
1254,4
1255,3
1256,4
1257,2
1258,3
1259,3
1260,1
1261,2
1262,4
1263,1
1264,3
1265,2
1266,2
1267,4
1268,1
1269,3
1270,3
1271,3
1272,1
1273,4
1274,1
1275,2
1276,3
1277,3
